
color = { // (R:101, G:220, B:160)
				r = 0.396078431372549;
				g = 0.8627450980392157;
				b = 0.6274509803921569;
			}